1 1 0 -8 10 1 0 0 0 1 0 0 0 1 3710.DAT
1 1 0 -8 -60 1 0 0 0 1 0 0 0 1 3020.DAT
0 STEP
1 1 0 -16 -60 -0.000079 0 1 0 1 0 -1 0 -0.000079 3034.DAT
0 STEP
1 1 0.001586 -24 -30 -1 0 -0.000053 0 1 0 0.000053 0 -1 3829C01.DAT
1 1 -0.00317 -32 -100 1 0 0.000106 0 1 0 -0.000106 0 1 3787.DAT
0 STEP
1 1 -0.004227 -56 -110 1 0 0.000106 0 1 0 -0.000106 0 1 3710.DAT
1 1 0.011105 -40 -10 -1 0 -0.000159 0 1 0 0.000159 0 -1 3039.DAT
1 1 -0.004756 -48 -110 -1 0 -0.000159 0 1 0 0.000159 0 -1 3039.DAT
0 STEP
1 0 0 -8 -100 1 0 0 0 1 0 0 0 1 4600.DAT
1 0 0 -8 -20 1 0 0 0 1 0 0 0 1 4600.DAT
0 STEP
1 7 -30.00053 -3.000005 -20.001322 -0.000079 0 1 0 1 0 -1 0 -0.000079 4624.DAT
1 0 -30.00053 -3.000005 -20.002111 0.000026 0 -1 0 1 0 1 0 0.000026 3641.DAT
1 7 -30.00053 -3.000005 -100.00132 -0.000079 0 1 0 1 0 -1 0 -0.000079 4624.DAT
1 0 -30.00053 -3.000005 -100.002113 0.000026 0 -1 0 1 0 1 0 0.000026 3641.DAT
1 7 29.997353 -3.000005 -100.002136 0.000132 0 -1 0 1 0 1 0 0.000132 4624.DAT
1 0 29.997345 -3.000005 -100.001328 -0.000079 0 1 0 1 0 -1 0 -0.000079 3641.DAT
1 7 30.001587 -3.000005 -20.002098 0.000132 0 -1 0 1 0 1 0 0.000132 4624.DAT
1 0 30.001587 -3.000005 -20.001305 -0.000079 0 1 0 1 0 -1 0 -0.000079 3641.DAT
0 STEP
0 !LEOCAD GROUP BEGIN Minifig #1
1 1 -90.000122 -19.999998 -83.999992 -1 0 -0.000053 0 1 0 0.000053 -0 -1 3816.DAT
1 1 -90.000122 -19.999998 -83.999992 -1 0 -0.000053 0 1 0 0.000053 -0 -1 3817.DAT
1 14 -66.3414 -38.126976 -74.001221 -0.985435 0.120209 -0.120281 0.170052 0.696817 -0.696799 0.000052 -0.707104 -0.70711 3820.DAT
1 14 -113.657776 -38.126995 -73.998734 -0.985435 -0.120284 0.120206 -0.170052 0.696817 -0.696799 0.000052 -0.707091 -0.707122 3820.DAT
1 15 -74.500092 -55.999996 -84.000786 -0.985435 0.170052 -0.000053 0.170052 0.985435 0 0.000052 -0.000009 -1 3818.DAT
1 15 -105.500153 -56 -83.999146 -0.985435 -0.170052 -0.000053 -0.170052 0.985435 -0 0.000052 0.000009 -1 3819.DAT
1 1 -90.000122 -32 -83.999992 -1 0 -0.000053 0 1 0 0.000053 -0 -1 3815.DAT
1 15 -90.000122 -63.999996 -83.999992 -1 0 -0.000053 0 1 0 0.000053 -0 -1 973P02.DAT
1 14 -90.000122 -88 -83.999992 -1 0 -0.000053 0 1 0 0.000053 -0 -1 3626BP01.DAT
1 4 -90.000122 -88 -83.999992 -1 0 -0.000053 0 1 0 0.000053 -0 -1 2446.DAT
0 !LEOCAD GROUP END
